11111111111111111111111111111
11111111111111111111111111111
11111111111111111111111111111
11111111111111111111111111111
10000000000011000000000000001
10000000000011000000000000001
10000000000011000000000000001
10000000000011000000000000001
10000000000011000000000000001
10000000000011000000000000001
10000000000011000000000000001
11110000011111111000001111111
11110000011111111000001111111
11100000011111111000000111111
11000000000000000000000111111
11000000000000000000000011111
11000000001111110000000011111
11000000000000000000000011111
11000000000000000000000011111
11000000000000000000000011111
11000000000000000000000011111
11000000000000000000000011111
11000000000000000000000011111
11000000000000000000000011111
11000000000000000000000011111
11000000000000000000000011111
11100000000000000000000011111
11100000000000000000000111111
11111111111111111111111111111